Date : 2026-02-20 07:55:10.902754, filename:Full Stack Developer assignment.pdf, words:5377
Date : 2026-02-20 07:55:28.985618, filename:56331761955 (1).png, words:1842
